﻿Date;Tests;Cases;Total Tests;Total Cases;Hospitalized;ICU;Deaths
01/03/2020;;2;0;2;;;
02/03/2020;;6;0;8;;;
03/03/2020;243;5;243;13;;;
04/03/2020;495;10;495;23;;;
05/03/2020;;27;0;50;;;
06/03/2020;441;59;441;109;;;
07/03/2020;771;60;771;169;;;
08/03/2020;422;31;422;200;;;
09/03/2020;334;39;334;239;;;
10/03/2020;443;28;443;267;20;;
11/03/2020;639;47;639;314;;;3